000295271
000467018
001855625
001983737
003082358
005258905
005954940
008408318
009137030
009568937
011346541
011433937
011915787
012187031
015280997
015423279
018031640
021438476
021459215
022699302
022999753
023130067
023358632
026236153
027664913
031500922
031965810
032704655
034325995
035926964
036282064
038145220
041716501
041989565
043258687
043752229
044336926
044668493
044739525
045708398
046021994
046431511
047266178
047814012
048054330
048294677
049905874
051229403
052317062
052546315
052655392
053678503
056490778
061099765
061596782
062552500
062728867
063971122
064108533
068578832
068726213
069640989
069732529
069965031
072802255
073543716
073900780
074589570
075275565
075339600
075903810
079928714
080242292
081711334
082552541
083052997
083799521
084854791
085075759
085355406
085430511
085609732
085983814
087661870
088330241
089713043
089949517
091425587
091715342
092569271
095236086
095791543
096308240
098289707
099876805
100542322
101597333
102315707
104387090
104562296
105903983
106153073
107464707
109695096
110231282
111108042
111516449
111915961
112193120
112966310
113190726
113410965
113550238
114820079
115514194
117365125
117652632
119679806
121117708
122966140
123142541
123157530
123160224
123886003
125351507
125885512
126532706
127107924
127245307
127792164
127962693
129311058
129602906
130076633
130131231
133825452
134205015
136149220
136650711
136779417
136986981
137200828
138554243
138767594
139614331
140756925
140972767
141534614
141836288
142679932
143346553
144478698
144617217
145783258
146898630
148225283
149215214
149942393
152011530
154586744
156362677
158777687
165321147
165406455
166155651
167203846
167787205
168354651
170014042
172397378
174395053
174404668
174993492
175170074
175540079
176802026
178276239
179049447
179632556
181599973
181630164
181727653
182218495
182509351
183508867
183819973
186986179
187128779
188037979
189620131
189817177
191915761
192862839
194546151
195426647
195805769
200367546
200544293
201088648
201738703
202847464
203621455
204138574
204595515
205921359
206676202
208732535
209352068
209493167
209558530
209660557
210411291
210603847
211609896
212023867
213268199
213388649
215215847
215514615
217698114
218275168
218446746
219285705
220212259
221595262
222053084
222698961
223150604
223531379
224221700
224820140
225168694
225173156
225961095
226061508
226463587
226753380
226757354
228064572
230708399
231149468
232096384
232977395
235402295
235954139
237608006
239289977
240074966
240308499
242701532
242969011
243353737
244174584
244222477
247273725
247293232
248988918
250508497
250566539
251061263
252056117
252093369
253895057
256915662
259244958
259404337
260166126
260269864
262082289
262175244
262591512
266723455
266809858
267184744
268735877
269110338
269685164
270040192
271089830
271175676
271439557
271745509
274837184
275112258
278993681
281984815
282323483
284506261
284838331
285173987
287749063
287787604
288755813
288933864
292358152
293019648
295134641
295220800
295606754
296566697
297141918
298152505
299125208
300324780
300501971
301304889
301329443
301515730
301919282
302527372
302755943
303411488
304164114
305357937
305687396
306923010
307142609
307373258
307469465
308440704
309218743
311720890
312444437
314291838
314949736
318377047
319588342
319665592
320909645
321873777
322136905
324933302
326456941
329082665
330076751
330173218
330346257
330377094
330874322
331960832
336084222
336682828
338797114
339608518
340890394
342017728
342738730
344113858
344561203
344716041
345789301
348467337
349375904
351926570
353237800
353292475
357688099
358293336
358541896
358765983
359561719
362274662
362990835
363648786
364333810
365154731
365797848
365856408
366647752
367178598
367851592
371588770
372677915
374719008
375622750
377175686
377590103
377621872
378583542
379188798
379926738
381007365
382622735
382623258
382882567
383970521
384419971
390772129
394071340
394120048
397908135
398668835
399507187
401693867
404255236
405976749
406409364
407695031
409060040
409449709
410205141
410604345
410713729
410826071
411450194
412277892
412813132
413115265
413412144
414590427
414748801
414997735
415019430
416022782
419487273
421147220
422118634
422971853
423160719
424139441
425825076
427582347
428138233
430242438
431788732
432732957
434371458
434673090
436707937
437104151
437965979
438266819
439265551
441245077
441509516
446010115
450076718
450892474
451686467
452031836
453660469
454528184
454950048
455009652
455341191
455624065
456233569
456483670
459903235
460356216
460469108
463260520
464790969
465647323
467241018
467791623
468307800
468994289
470000517
470649015
471053525
473730682
474002052
474204872
476250986
478751263
484841883
485292715
485734237
486307320
486677783
486845089
487429575
488366078
488456971
489076930
489440748
490050913
490986172
491118441
491520062
492256791
492442164
493252396
494336763
496219192
497221219
498878315
501589278
502507476
504388441
505926697
508192356
508256011
509206146
511706255
512436697
514122327
515569483
515967217
516212886
519503430
519573751
523410948
524968660
525146888
525203760
525472034
525481456
528656688
529103297
529411833
530308894
530611157
531156580
532126549
532141535
532941586
533195795
533293116
533913104
534207251
534531536
537759978
537814812
539640075
540825914
541036409
541133110
541619897
546134035
546699205
546932319
547310955
548171172
548457916
548717164
549555878
550354128
550677189
550698699
551050585
551089030
551945580
552422961
552889406
552925562
553779287
554161981
555069566
556452967
556515561
557117509
557291393
558097480
558521845
559216107
559445488
560054696
560117907
561054397
562862561
563029716
563611013
563729886
564337383
566005267
566767280
567256026
573415120
574115723
576998579
578730398
579310563
580495511
580830879
584226727
584594215
587053135
587908484
589648896
589761796
590222522
590489881
590669563
591412142
592117616
594298269
595024368
596064078
596192307
596597032
597377069
598840174
599367941
599459595
599529950
599774299
601671041
601716667
602648083
604470061
605162323
605331301
605616425
606267033
609830560
609970127
612814864
613396461
613432686
617653433
619248657
621715172
622309654
624102078
625038364
626278663
626643606
626727165
627123337
628199565
629435254
637125235
637151816
637912755
638540415
639138532
639811352
642872276
644000867
644205769
644602530
645231335
647762654
648106425
651284592
652742297
653808173
654008199
656442887
656559694
656761484
657361676
658396367
658619274
659659009
661268009
663018055
663257326
664201942
664526445
664894957
666131137
667354121
667793406
668292280
668532191
670937851
671556226
673298149
674845051
675167998
677123961
677384716
677566081
677717896
680276273
681739050
684697357
685235239
686293426
687646917
689039687
689248456
689371659
690481604
690880049
690972930
691058348
691445062
692606060
694356399
696196388
696354182
696883807
697575900
697585713
697834375
698210445
698937165
699386892
700435498
701209640
702936804
702953203
703588852
703634988
703650738
703821808
704936056
706674090
706848824
706875347
707120673
707415873
708495030
709674811
710230121
713291776
715413895
716344731
717511219
720607292
720797097
721245124
721368733
722146553
722169153
722254298
723470192
723913258
724744429
725895463
726694246
729544393
730081682
731334817
734045681
736098499
736364425
737293116
737972290
739919700
740290956
741211059
741624657
741815178
742124458
743493953
743706467
746285215
746596638
746605733
746955926
747819504
747922322
748454011
748475687
749836503
751122800
751413370
751622086
752363753
752947849
753101114
753862208
754713618
754833303
755449112
756604040
757496446
758475522
761141489
762512867
763072813
764254248
765974404
766684361
766873144
771152246
772527743
775212159
775217621
776634071
778772232
779474539
781319088
782870474
783361765
784485052
785450210
785499322
785794810
786272952
786403425
786801063
786981848
787727274
789116632
789143478
791000440
791420180
791649152
792110141
793591705
794056682
795602398
796959205
800177393
801457934
801476450
801486376
803294700
803555982
805303521
805366627
806370853
806718692
808313128
808435389
811116958
812803153
813291588
813817316
814561990
814590484
817539600
818541187
818658445
819236244
819699902
820374718
820813125
820826161
821727683
822766363
823287675
824820962
824930217
825276318
826200077
826386846
827076417
828844828
829435132
830410399
831155186
833170302
836143695
836416562
836898948
837063697
839027428
839826140
839933340
840102620
840436567
840668470
844500034
844564891
847211064
850725759
852866351
852997918
855291825
855387527
857276914
857596958
858413372
858542764
858697873
859294362
861701215
861903636
863984791
865260410
865939245
866046019
866253152
866456294
866975384
868563735
870215445
870763356
871165275
872621593
874620122
875981115
876440954
878012028
878307113
879876067
880154569
881059382
881470601
882313449
883448311
883806809
885622327
887552367
887726049
888071688
889379068
891024978
891423650
892485277
892703057
893096788
894179044
896599652
897951200
898186756
898684938
900448000
900814449
901397820
902907129
905768718
906971620
909421213
910042017
910327100
910786102
914694781
914976444
915605987
915959945
917177352
919367247
921255956
921846327
922046815
922442382
922481022
923298679
925094841
925262107
925452049
926318545
926625459
927811540
927812006
928009732
928831074
928858580
929408613
929776153
930516229
931172587
931347178
932542662
934062920
934614290
934910109
935000686
939720775
940233892
940459376
942153275
947975618
948234595
948674975
950772059
952153031
952669499
953355381
953742159
954018393
954963814
955919250
957274419
959445929
959872794
960838631
961270332
962397564
962709707
962915747
963981453
965053811
965789743
966349273
966638146
967221124
968237866
973386844
973588611
974200309
978286661
979726449
981446643
982037560
982944300
983996501
984339367
986456185
987764985
989843266
991883232
993803737
994352694
995532570
995967136
997506576
997536846
997966301
998007675
998098641
999184992
